3200
6400
7200
8000
8400
8800
9200
9600
11200
12800
13200
13600
14000
14400
14600
14800
15000
15200
16000
19200
20000
20800
21600
22400
24000
24800
25600
27200
28000
28400
28800
32000
32800
34400
35200
36000
36800
37600
38400
38800
39200
39600
40000
41600
41800
42000
42200
42400
43200
43400
43600
43800
44000
44800
45600
46400
46600
46800
47000
47200
48000
48800
49000
49200
49400
49600
50400
50600
50800
51000
51200
51600
52000
52200
52400
52600
52800
53200
53600
54400
54600
54800
55000
55200
55400
55600
55800
56000
56200
56400
56600
56800
57000
57200
57400
57600
58000
58400
58600
58800
59000
59200
59600
60000
60800
61066
61333
61600
62400
62666
62933
63200
64000
64800
65600